12.022187253687031
2.2951215256426227
12.019900414174078
19.56452395438884
1.739039752234024
18.895796270282833
12.245260604990222
8.813282105980749
5.87865715568973
4.559368508725532
16.436717675485745
13.55862688452661
4.705329213171154
14.931697146212255
3.600847119369266
19.94769538301543
2.3296861886656184
14.288322065244515
13.90086759419444
8.481455934112095
2.162767703888897
13.619982968666648
19.60729018856988
19.267605945961026
2.0453141943494657
10.720162400435694
4.525957618975305
18.353785554382274
6.750536918282563
9.796086345513126
12.353249237984672
3.8699467516185293
7.06151514647579
7.715831066480396
19.838507334396397
18.065950539755697
16.072197812902594
19.253934046696664
1.902889562129575
5.144582109131967
11.515070139915377
0.3791761886034406
14.677306240454895
12.083538440541172
6.78639187543464
17.98273223626986
12.426376167197219
9.093808978016645
12.896331082973933
8.805103863507282
3.3191947247054365
10.43045623378392
13.00681773080653
13.199190109687393
0.4946349516021109
13.224672473437755
17.329860916131302
9.206780950857858
1.4053580211631456
8.07038808791037
19.804834055649852
10.087288072058643
16.772522475369943
14.91960295179706
6.34272497338533
9.209928687888745
12.32497824113095
10.003980653106947
4.77429966843707
6.558158534953559
10.403882482281936
1.708740071939987
1.4385710245186534
7.407061811712062
18.24962316510642
8.68201093635423
4.2232706758157
16.753650167863356
5.44597779543748
18.13689374086095
15.107806580238917
13.825704825887069
7.459615228244139
9.889027905220058
0.6236345407494914
3.038982464619857
4.18913674678403
15.179374305345974
17.27217145407731
2.110964206960293
13.836264121570103
15.49711786554389
5.551479363579006
2.973443856384448
9.778171629832364
12.151969877763221
1.9146217980849345
11.300449037867107
13.870644761050482
9.1907906886115
